        71         27
         1         30
         1         62
         1         54
         1         68
        68          4
        68         10
        68         66
        68         54
        68         70
        68         62
        68         30
        30         62
        30          4
        30         66
        30         54
        54          4
        54         66
        54         62
        54         70
        70          4
        70         10
        70         66
        66          4
        66         10
        66         62
        62          4
         4         10
