        79        104
         9         40
         9         76
         9         72
         9         78
         9         64
         9         43
         9         47
         9         58
         9         37
         9         41
         9         32
         9         36
        36         40
        36         65
        36         64
        36         69
        36         72
        36         37
        36         43
        36         52
        52         41
        52         64
        52         69
        52         76
        52         72
        52         37
        52         43
        52         65
        52         40
        40         65
        40         64
        40         69
        40         76
        40         72
        40         37
        40         43
        43         32
        43         41
        43         64
        43         69
        43         76
        43         72
        43         78
        43         37
        43         58
        43         47
        43         71
        71         32
        71         22
        71         21
        71         14
        71         41
        71         76
        71         72
        71         47
        47         32
        47         22
        47         21
        47         14
        47         41
        47         64
        47         76
        47         72
        47         78
        47         37
        47         58
        58         64
        58         72
        58         78
        58         37
        37         32
        37         41
        37         64
        37         76
        37         72
        37         78
        78         32
        78         22
        78         41
        78         64
        78         72
        72         32
        72         21
        72         41
        72         64
        72         69
        72         76
        76         32
        76         41
        76         64
        76         69
        69         64
        69         65
        64         32
        64         41
        41         32
        41         21
        41         14
        14         32
        14         22
        14         21
        21         32
        21         22
        22         32
